buck    MF    TF
   1 0.713 0.952
   1 0.780 0.952
   1 0.757 0.952
   2 0.610 0.951
   2 0.610 0.951
   2 0.652 0.951
   3 0.456 0.901
   3 0.499 0.901
   3 0.481 0.901
   4 0.620 0.891
   4 0.574 0.891
   4 0.416 0.891
   5 0.391 0.847
   5 0.477 0.847
   5 0.530 0.847
   6 0.446 0.844
   6 0.754 0.844
   6 0.618 0.844
   7 0.607 0.799
   7 0.656 0.799
   7 0.512 0.799
   8 0.397 0.797
   8 0.380 0.797
   8 0.412 0.797
   9 0.384 0.747
   9 0.395 0.747
   9 0.510 0.747
  10 0.246 0.736
  10 0.258 0.736
  10 0.177 0.736
  11 0.490 0.700
  11 0.398 0.700
  11 0.401 0.700
  12 0.168 0.702
  12 0.155 0.702
  12 0.170 0.702
  13 0.198 0.595
  13 0.217 0.595
  13 0.259 0.595
  14 0.405 0.600
