    L Y
17.25 0
47.30 1
24.54 0
52.98 1
56.43 1
 2.73 0
31.69 0
53.55 1
33.09 1
27.40 0
57.41 1
27.20 0
40.65 1
34.36 0
 6.18 0
53.99 1
14.77 0
 2.52 0
19.68 0
57.27 1
53.37 1
41.57 1
38.43 1
59.66 1
39.34 1
42.51 0
32.64 1
35.65 1
17.35 0
 8.83 0
57.78 1
54.14 1
41.44 1
47.73 1
 1.48 0
28.67 1
45.51 1
12.98 0
19.09 1
13.90 0
 8.57 0
24.87 0
24.82 0
22.13 0
 9.15 0
 8.33 0
13.98 0
27.96 0
15.96 0
51.47 1
 2.75 0
26.53 0
47.94 1
 7.31 0
33.66 1
12.39 0
 7.65 0
45.20 1
53.70 1
22.47 0
39.91 1
 5.69 0
23.04 0
16.46 0
48.88 1
26.91 0
48.60 1
48.74 1
47.66 1
26.39 0
45.27 1
37.75 1
42.61 1
 0.04 0
28.52 1
13.21 0
22.79 0
36.77 1
21.11 1
 6.67 0
14.62 0
40.08 1
25.06 0
47.29 1
 6.17 0
26.09 0
59.10 1
53.58 1
53.19 1
10.50 0
 7.84 0
39.19 1
20.61 1
39.41 1
19.22 1
11.26 0
46.94 1
 5.62 0
28.01 0
30.69 0
